5000
1205000
3705000
8605000
8805000
9805000
10505000
12205000
13605000
16105000
16605000
17305000
19005000
20105000
22105000
24405000
25905000
29205000
33505000
33905000
34205000
35005000
37905000
40005000
43905000
47305000
47605000
49805000
50505000
51805000
56605000
57205000
57905000
60805000
64505000
65605000
67705000
68705000
70605000
71005000
72905000
76705000
77105000
82305000
82705000
83005000
85705000
89205000
89505000
97805000
99605000
100105000
100305000
101605000
104105000
106505000
108605000
110505000
110805000
111505000
114205000
116405000
119005000
123805000
125505000
125905000
128005000
129805000
132205000
136805000
141205000
143805000
153205000
158905000
160005000
160305000
160405000
163605000
166405000
167305000
168105000
168305000
169305000
170205000
172605000
172705000
176705000
177505000
182905000
188205000
190405000
190905000
191905000
194305000
195305000
198005000
198805000
198905000
199405000
199705000
202605000
203405000
205405000
206705000
208905000
209605000
210405000
211105000
211705000
211905000
212505000
213805000
216105000
217505000
218605000
221605000
225505000
228405000
230705000
231105000
236105000
237005000
239205000
240905000
242405000
243005000
243405000
248805000
249105000
250005000
250805000
251805000
252505000
253405000
258105000
264405000
265405000
268305000
270005000
271305000
271405000
274405000
283105000
284005000
284305000
284605000
286705000
287605000
290805000
291605000
292505000
295105000
296005000
297605000
303005000
303105000
303705000
304805000
306005000
307605000
309305000
309505000
309705000
310905000
313005000
315605000
316305000
316605000
321105000
326205000
334505000
335905000
336105000
337505000
338805000
339505000
342105000
343105000
344905000
345405000
346905000
349705000
349805000
351005000
351105000
356205000
356305000
357705000
358105000
358405000
358805000
361605000
361705000
364305000
366705000
370005000
370305000
372605000
381105000
382405000
385805000
386705000
387505000
387705000
388605000
389005000
389805000
392405000
393305000
395605000
397505000
398005000
398605000
400905000
401005000
402005000
404905000
405505000
410605000
411005000
413405000
415005000
417305000
417905000
419105000
421305000
422605000
423905000
427205000
428305000
435005000
439705000
443605000
445805000
446005000
447205000
448605000
448905000
449405000
450805000
453605000
454905000
457505000
461105000
467005000
467205000
468105000
473205000
474105000
474405000
476905000
477705000
477805000
478705000
479105000
479705000
481705000
485205000
485405000
488405000
489205000
490605000
495305000
498405000
499105000
500905000
502605000
503105000
503305000
503505000
506605000
507505000
507605000
509305000
509405000
509605000
512805000
519905000
521605000
521805000
523405000
525905000
529605000
532105000
533905000
535705000
542505000
545305000
546105000
546305000
550105000
550305000
550805000
556005000
557305000
557905000
558205000
558905000
560605000
563805000
563905000
566005000
566405000
569105000
569205000
569505000
570005000
571305000
572705000
572805000
578205000
579305000
579405000
580005000
580305000
582405000
582805000
583605000
584105000
584605000
585205000
593505000
596005000
608205000
609905000
610005000
612805000
614805000
616405000
617105000
620905000
621905000
627205000
629205000
634605000
635405000
635805000
636005000
637005000
638505000
639005000
639605000
639705000
640705000
643105000
643805000
643905000
644505000
647905000
649305000
650605000
652105000
654205000
655705000
656305000
656605000
657605000
658305000
660205000
661105000
662305000
662505000
662905000
666805000
670905000
673805000
674205000
674305000
675705000
682305000
683405000
690605000
693505000
695605000
696405000
701405000
701605000
705505000
707605000
708205000
710805000
712405000
715105000
716605000
717005000
719905000
722605000
724305000
730605000
731005000
732405000
732505000
734605000
735505000
736005000
736305000
739505000
745105000
750705000
751305000
758105000
761005000
761605000
768205000
769005000
772605000
774605000
777005000
778405000
787005000
787405000
788205000
788305000
788405000
790905000
791205000
792805000
798905000
799805000
800905000
802005000
802905000
804705000
807905000
810205000
810905000
814305000
816105000
816705000
817005000
818805000
818905000
819605000
820005000
821405000
825105000
828205000
830405000
831205000
831905000
832605000
833705000
833905000
834105000
838305000
839705000
841805000
843305000
843705000
844305000
844605000
845005000
847105000
849005000
854805000
855805000
857405000
859605000
864405000
866305000
867405000
869005000
874305000
877605000
879105000
890205000
900005000
901205000
904705000
909605000
912105000
915005000
915505000
916205000
918605000
919605000
920505000
921305000
927505000
932705000
935605000
937005000
938305000
942605000
945905000
948205000
948405000
950905000
954405000
959205000
960605000
961005000
965305000
965805000
966005000
970805000
970905000
972705000
983405000
985505000
989705000
992605000
993705000
995805000
995905000
996105000
997005000
998305000
999205000