7000000
7300000
7500000
8800000
9400000
9700000
10600000
10600000
11500000
12200000
16400000
17000000
17400000
17700000
18400000
20200000
20700000
22700000
24200000
25300000
28800000
29500000
29600000
31000000
31200000
31700000
32300000
33600000
34600000
37900000
39900000
41600000
41800000
41800000
42800000
43800000
44100000
44400000
44900000
45400000
46300000
48700000
49100000
50300000
51900000
53800000
54000000
55000000
55300000
59200000
60300000
62200000
62400000
63900000
64400000
66400000
66700000
66900000
70400000
70800000
71300000
72500000
72700000
72900000
75000000
75200000
75700000
75700000
75700000
76600000
76700000
77100000
77500000
77900000
78100000
78400000
80300000
80300000
81600000
85600000
89100000
89200000
89900000
90100000
91800000
92000000
93000000
94400000
94800000
98700000
98900000
99900000
101300000
102500000
103300000
103700000