7055000
7355000
7555000
8855000
9455000
9755000
10655000
10655000
11555000
12255000
16455000
17055000
17455000
17755000
18455000
20255000
20755000
22755000
24255000
25355000
28855000
29555000
29655000
31055000
31255000
31755000
32355000
33655000
34655000
37955000
39955000
41655000
41855000
41855000
42855000
42955000
43855000
44155000
44455000
44955000
45455000
46355000
48755000
49155000
50355000
51955000
54055000
55055000
55355000
59255000
60355000
62255000
62455000
63955000
64455000
66455000
66755000
66955000
70455000
70855000
71355000
72555000
72755000
72955000
75055000
75255000
75755000
75755000
75755000
76655000
76755000
77155000
77555000
77955000
78155000
78455000
80355000
80355000
81655000
85655000
89155000
89255000
89955000
90155000
91855000
92055000
93055000
94455000
94855000
98755000
98955000
99955000
101355000
101655000
102555000
103355000
103755000