1205000
2505000
3005000
4705000
4805000
6005000
7105000
9705000
10505000
15305000
17605000
18005000
19005000
21405000
21805000
24605000
25205000
25305000
28105000
29605000
30905000
31805000
33605000
34405000
35405000
38305000
38805000
38905000
44605000
45705000
46505000
47505000
48305000
51205000
53505000
55505000
57605000
60605000
73405000
74005000
78005000
78405000
81405000
82705000
83905000
84305000
84505000
88005000
90205000
94305000
98905000
102105000
105105000
107505000
111105000
114105000
115505000
117205000
117305000
118605000
122005000
122605000
123205000
124905000
125105000
127005000
129005000
129405000
129605000
130905000
133805000
135305000
135905000
150205000
150605000
151605000
153205000
153305000
153705000
156505000
158005000
159805000
160705000
163205000
163805000
172905000
174305000
178405000
179605000
182205000
184705000
187005000
196905000
200605000
205605000
207105000
208405000
210005000
216905000
217205000
219205000
222405000
224805000
225505000
225605000
226805000
233905000
236405000
241105000
243405000
244605000
246005000
247705000
249005000
250205000
253605000
255205000
255405000
255705000
257605000
258705000
260305000
260705000
261505000
262405000
266505000
267005000
268605000
270705000
271005000
272905000
273705000
275305000
278005000
278205000
279905000
280805000
284705000
285405000
286705000
287005000
290105000
294605000
296705000
298805000
300505000
303205000
313805000
316505000
317905000
320205000
321505000
326305000
327905000
328405000
331905000
332505000
333705000
334605000
338305000
349405000
350105000
352105000
354905000
356305000
358905000
360405000
360605000
364705000
364805000
366405000
369105000
369305000
372605000
372805000
373605000
373805000
377205000
379105000
382105000
383105000
384505000
385305000
388305000
391705000
393605000
395005000
397105000
397705000
399505000
401505000
404805000
408505000
409905000
410305000
411405000
411505000
412505000
413705000
414405000
418205000
422105000
426905000
430605000
431005000
435305000
438605000
438705000
443805000
443905000
444105000
452405000
457005000
461205000
461605000
464505000
465005000
476605000
477305000
477905000
479205000
484005000
487305000
489605000
489805000
492405000
492605000
492705000
494005000
500005000
500705000
503605000
505505000
507505000
509105000
510505000
514205000
514905000
515105000
518105000
520505000
520805000
521505000
522405000
526005000
526405000
531105000
531205000
532005000
541705000
541905000
542405000
543605000
548805000
549705000
550605000
555105000
555605000
557105000
557505000
558105000
561005000
561205000
563805000
564905000
565605000
566305000
566405000
569405000
569805000
571305000
573605000
576105000
576705000
578205000
579505000
582105000
582605000
585705000
594805000
597305000
600905000
603305000
605605000
607505000
607905000
609605000
612005000
614305000
614905000
615805000
616805000
617905000
621005000
624405000
626305000
628105000
630405000
630805000
635105000
635505000
637505000
639105000
639505000
641305000
654305000
654405000
660205000
660805000
668405000
669805000
671005000
671605000
675105000
675205000
676505000
678505000
680405000
681105000
684105000
685605000
686205000
687405000
694105000
697505000
700505000
705605000
707105000
707805000
708505000
708805000
708905000
709905000
717205000
719105000
720005000
721905000
726005000
727405000
729005000
729305000
730305000
731505000
736505000
736605000
737205000
741105000
741205000
741805000
741905000
742105000
749205000
750005000
753105000
756105000
756205000
757205000
757405000
758905000
765005000
767405000
769005000
770305000
770605000
772505000
773405000
774605000
777905000
779105000
780705000
782605000
784705000
785005000
790805000
793605000
796305000
796805000
797505000
798205000
799005000
800005000
807905000
808405000
811905000
812305000
812605000
815505000
815905000
824005000
824905000
830805000
832205000
833305000
833705000
834605000
837705000
839305000
839605000
841505000
842105000
844205000
848505000
848605000
849205000
850505000
854405000
854705000
858505000
863905000
866205000
868005000
868305000
871405000
872705000
880405000
882805000
883805000
884405000
884605000
885105000
888105000
891705000
896705000
897305000
899005000
901605000
902405000
903205000
907505000
909505000
910505000
910605000
913105000
916905000
917905000
918005000
923005000
925005000
930505000
930705000
934405000
934605000
935805000
935905000
937305000
938605000
939505000
945805000
949805000
951005000
952105000
952205000
953405000
957705000
959405000
960305000
963505000
967205000
967705000
969205000
969605000
969905000
970605000
972305000
972405000
974505000
975805000
982105000
984005000
984605000
987205000
987305000
990805000
991905000
992505000
992805000
993505000
994605000
996405000
996905000
998105000
999705000
999905000