500000
1300000
1800000
2100000
2200000
2600000
2900000
3300000
3300000
3400000
3500000
4700000
5500000
6300000
7400000
9200000
9400000
9600000
10100000
11600000
12200000
12200000
13200000
14900000
16000000
18000000
18900000
20500000
21900000
23400000
23500000
23800000
25100000
25600000
27400000
27800000
28400000
28600000
29100000
29700000
30300000
32200000
33000000
33500000
37100000
37100000
37900000
38100000
38300000
38400000
41900000
43000000
43200000
43300000
43800000
44800000
47700000
48800000
50000000
51000000
51900000
52900000
57100000
57300000
58100000
58200000
58900000
59700000
62300000
63900000
70100000
71300000
71400000
71500000
71500000
71900000
72500000
72800000
74700000
77400000
77600000
78700000
78900000
79900000
80500000
81300000
81400000
81700000
82400000
82800000
83700000
84100000
84300000
84500000
85100000
86500000
88200000
88500000
89000000
90500000
91100000
92700000
92700000
94100000
94900000
94900000
95100000
95700000
95900000
97000000
98400000
98600000
98900000
99200000
102100000
102400000
104400000
105000000
106200000
106700000
108000000
108300000
108600000
108600000
110400000
111300000
113000000
113200000
114700000
115200000
115900000
116600000
116700000
117500000
118000000
120200000
123300000
123500000
123700000
124600000
124800000
125700000
126700000
127400000
127500000
129600000
129800000
130500000
130700000
132000000
132300000
133000000
135300000
138000000
139000000
139400000
141200000
141900000
142500000
143100000
143400000
143400000
144000000
144300000
144800000
146200000
147100000
147700000
148600000
148700000
148700000
149600000
149800000
150900000
152100000
152200000
152400000
153200000
154100000
156400000
156800000
159200000
160200000
161300000
162000000
162300000
163700000
166400000
166700000
168200000
169700000
170600000
171000000
171600000
172700000
173000000
174400000
175100000
175800000
176200000
177200000
177400000
177500000
178800000
179900000
180800000
181200000
182100000
185600000
185900000
186400000
187300000
187600000
187900000
189400000
189800000
191600000
192500000
194900000
195000000
195100000
195900000
196400000
197400000
199000000
200400000
200700000
202300000
203100000
203600000
203900000
204000000
204700000
208000000
208300000
208400000
208700000
211200000
213500000
213800000
213800000
215900000
217300000
220500000
224600000
226600000
228900000
229800000
231300000
231500000
232400000
233600000
238300000
239300000
239900000
240900000
241400000
242000000
243300000
243400000
244200000
244400000
246100000
246400000
247200000
247900000
248000000
250000000
251700000
252400000
253200000
255900000
256900000
257400000
258700000
259500000
260500000
261200000
262000000
263200000
264100000
264300000
265100000
265300000
266100000
266900000
267600000
268400000
268500000
268600000
272000000
273200000
273700000
274300000
275200000
276400000
282600000
283400000
284000000
284100000
284300000
285600000
285700000
285800000
286000000
287700000
288300000
288700000
289600000
290600000
295300000
297900000
300300000
301400000
301800000
302400000
303300000
306300000
306600000
307300000
307800000
308500000
309400000
312800000
313200000
315100000
315800000
316900000
317300000
317900000
319000000
319700000
320400000
320400000
325000000
326000000
327800000
328000000
328100000
331400000
332400000
338000000
339400000
339800000
340000000
340900000
341000000
341700000
342400000
344900000
345700000
345800000
346800000
347400000
348400000
351500000
352900000
353000000
353300000
353800000
354000000
354300000
354500000
355200000
355900000
356700000
357000000
357200000
357300000
357400000
357900000
358800000
359900000
361800000
362500000
364800000
366200000
366900000
367000000
367900000
367900000
367900000
370000000
370000000
370700000
372100000
372400000
372800000
373500000
374400000
375700000
377000000
384400000
384700000
386100000
386300000
387100000
387500000
388000000
389800000
395900000
395900000
396400000
398200000
401500000
401800000
401900000
404500000
405900000
405900000
407100000
407200000
407300000
407800000
408700000
409200000
410400000
411000000
411200000
412000000
412700000
414500000
415300000
416500000
417600000
418100000
418400000
418800000
419000000
419700000
420300000
421100000
422400000
425100000
426300000
426800000
427000000
427400000
427500000
428200000
430000000
431000000
431500000
432700000
433300000
433500000
433600000
433800000
434100000
434200000
434600000
436500000
437300000
437800000
437800000
438100000
441500000
442900000
443300000
443400000
445100000
446000000
448200000
449100000
450100000
451100000
451700000
451900000
452200000
452300000
453900000
454400000
455700000
456600000
457800000
460800000
461500000
462000000
462200000
462200000
463900000
467900000
471200000
472200000
474400000
476600000
477100000
477700000
478000000
479500000
480600000
481200000
482400000
482600000
482600000
483000000
483600000
485500000
486400000
489100000
490600000
490800000
491600000
492300000
493000000
494700000
494800000
495100000
496900000
499400000
499500000
500300000
505000000
505800000
506600000
506800000
508600000
509700000
511900000
512000000
513700000
514500000
516400000
517100000
517500000
519900000
520300000
520900000
523900000
524100000
524300000
524300000
525000000
526800000
527200000
527800000
528300000
528600000
529400000
531700000
535700000
536200000
536500000
537400000
538300000
538800000
539400000
541600000
541600000
541700000
541800000
542100000
543400000
543800000
544200000
546000000
546400000
547200000
548800000
549300000
551500000
551700000
551800000
553300000
555100000
559500000
559600000
562300000
563100000
563300000
564800000
564900000
567200000
569500000
569900000
570000000
572300000
574700000
577100000
578200000
578600000
578800000
579000000
579200000
579600000
581800000
581800000
586400000
586600000
587500000
587700000
588500000
588800000
589000000
589500000
590200000
590800000
591100000
591500000
592700000
593100000
594700000
596300000
597800000
599000000
599000000
599900000
600800000
602100000
602500000
602800000
602800000
606000000
606300000
606600000
606800000
606800000
607400000
607500000
608000000
612700000
613000000
615000000
616800000
618500000
619800000
620300000
620300000
621000000
621300000
621400000
621400000
622100000
622700000
623500000
623900000
624700000
626400000
626500000
628300000
629100000
630600000
631000000
631500000
631500000
632300000
633600000
633600000
636200000
636800000
638400000
639700000
640600000
640800000
642500000
643500000
643700000
644800000
646700000
647100000
647200000
648500000
648600000
648800000
649600000
649800000
650300000
650700000
652200000
654200000
657200000
657600000
658600000
659800000
661400000
662200000
662500000
664800000
665100000
665700000
665800000
667000000
667300000
667800000
668200000
669400000
670500000
672200000
672200000
672900000
673400000
676600000
676700000
677100000
677700000
678100000
678100000
678700000
678800000
678800000
678900000
679100000
679400000
681000000
682100000
682400000
682600000
682800000
684000000
686600000
687500000
688000000
688900000
688900000
690000000
690000000
693000000
694100000
694800000
695800000
695900000
696200000
696900000
698000000
698600000
698900000
699600000
701400000
705300000
705900000
706500000
706600000
707000000
707100000
707700000
707700000
711600000
711700000
711700000
713000000
713100000
713100000
713300000
713600000
713800000
714700000
716300000
716500000
716600000
716600000
716900000
717200000
719600000
719800000
719900000
720200000
722100000
723700000
724000000
724100000
724600000
724700000
725800000
727000000
728300000
728600000
729000000
731600000
731900000
732500000
734700000
738100000
738500000
739300000
739400000
739400000
740000000
740700000
742200000
743700000
746100000
746700000
752200000
754000000
754200000
755300000
756000000
756600000
756800000
757600000
758000000
759800000
761200000
761700000
761700000
762600000
763300000
763800000
764100000
764600000
766000000
766200000
767400000
768800000
769000000
769800000
769900000
771000000
771800000
772900000
775000000
776200000
776700000
778300000
783500000
783800000
784900000
785100000
786400000
786400000
787400000
787700000
788200000
788400000
789100000
789500000
789700000
790400000
790700000
791000000
791900000
792200000
792800000
794200000
795500000
797000000
797700000
798700000
799700000
802900000
803300000
803700000
803900000
805200000
805400000
807500000
808000000
809400000
812400000
812500000
813100000
814400000
816400000
817200000
817800000
818300000
819100000
819500000
821100000
821400000
823800000
823900000
824500000
824700000
827800000
830900000
831200000
834700000
839500000
842300000
842600000
843500000
844600000
844700000
845200000
845700000
848200000
848300000
849000000
849100000
849300000
850100000
850600000
850800000
851900000
852400000
853200000
857900000
859800000
860600000
862100000
862200000
863100000
863300000
864000000
864900000
866400000
871200000
871900000
874500000
875300000
876700000
877400000
877800000
879800000
880800000
881200000
882800000
886600000
886900000
887300000
887700000
888100000
888300000
888800000
892200000
892300000
895300000
896100000
896400000
896800000
897200000
897800000
900300000
900500000
901100000
901100000
902800000
903200000
903500000
904500000
905400000
906800000
907300000
909300000
909600000
909700000
910900000
910900000
911200000
911200000
911200000
911500000
917000000
918000000
918600000
918600000
919900000
920800000
921000000
921400000
921900000
925100000
925300000
925500000
926500000
927800000
929800000
929900000
930700000
931100000
931500000
934000000
935400000
936600000
937100000
937200000
937900000
938100000
940400000
941700000
944000000
945900000
946700000
948700000
950900000
951100000
951200000
951200000
954300000
957100000
961600000
964800000
965800000
966300000
967900000
968200000
971100000
972000000
972000000
973400000
973900000
974700000
974900000
975600000
977300000
977600000
977700000
979100000
979400000
979400000
980000000
980200000
981700000
981800000
982800000
984100000
984200000
984600000
984700000
985700000
986900000
987900000
989200000
989500000
990100000
990700000
991400000
991500000
993000000
994200000
994400000
995000000
995500000
996300000
996600000
996900000
997800000
999400000
999600000
999900000