400000
2100000
6000000
6300000
7800000
7800000
9200000
10500000
11300000
11400000
11500000
11900000
12000000
12000000
12100000
12500000
12700000
14100000
14900000
15600000
17200000
18300000
18400000
18800000
18900000
19700000
19800000
22100000
25500000
25500000
26500000
27300000
27600000
28700000
29500000
30400000
31600000
33100000
33600000
33600000
33800000
35700000
37200000
37900000
37900000
39200000
40200000
41800000
42500000
43600000
45800000
48900000
50100000
50400000
52900000
53800000
54000000
54100000
55900000
55900000
56200000
57500000
57700000
58600000
59900000
59900000
60000000
60300000
62200000
65800000
66100000
68000000
69200000
70800000
71000000
71700000
72300000
72800000
73900000
75100000
76700000
77600000
78200000
79300000
79400000
79800000
81900000
82300000
83800000
84900000
85100000
85600000
85700000
87100000
88500000
88700000
90300000
92100000
94200000
95300000
95800000
96300000
97400000
98500000
98700000
99300000
99500000
101900000
103300000
104500000
105000000
105200000
105500000
107900000
112300000
112300000
112600000
113100000
113200000
114000000
114300000
115200000
116200000
117200000
120000000
120800000
122300000
122400000
122600000
123300000
123500000
123800000
126500000
126500000
128100000
128300000
128900000
129300000
129300000
131300000
133400000
136000000
136500000
137500000
140900000
141200000
141800000
142400000
142700000
144500000
144700000
146100000
146800000
148700000
149500000
149700000
150000000
152100000
153800000
155200000
155200000
155700000
156900000
156900000
157200000
157800000
158500000
159800000
162200000
162300000
162400000
164400000
166800000
167700000
168100000
169800000
170900000
171200000
171600000
172700000
172700000
173400000
173700000
175000000
175900000
176000000
177500000
178100000
180100000
180200000
181200000
182500000
183600000
184100000
185300000
185600000
187000000
187100000
189500000
192400000
194000000
194400000
194500000
195700000
197100000
197200000
198700000
198800000
199400000
200600000
201900000
203300000
204900000
206500000
207000000
207300000
208300000
211000000
213000000
215500000
215800000
216100000
217900000
218500000
219400000
220700000
222200000
223200000
223200000
224200000
225300000
226400000
229800000
233300000
233500000
233800000
235400000
235800000
236100000
236200000
236400000
236900000
238900000
239000000
239100000
239700000
241300000
242500000
243700000
244100000
244900000
245900000
247100000
247600000
248600000
248700000
249100000
250200000
250400000
251700000
254200000
254400000
254600000
254900000
256400000
260700000
261400000
263000000
263500000
266100000
267000000
267600000
268100000
268200000
269800000
270200000
271300000
271500000
272000000
272700000
272900000
273000000
274700000
274700000
278500000
278700000
283400000
284100000
284200000
285000000
285200000
285800000
286300000
288500000
292900000
293000000
293500000
295500000
296600000
299600000
299800000
300200000
302100000
302900000
304100000
304100000
304700000
305500000
305800000
306700000
307600000
308700000
311000000
311500000
312100000
312600000
312700000
314500000
314600000
315200000
318200000
318400000
318900000
319300000
319400000
319600000
321500000
322400000
324100000
324700000
325400000
327900000
328000000
328400000
331200000
332600000
333200000
333700000
334300000
334600000
335400000
335700000
336000000
336600000
337300000
338200000
339100000
340800000
340800000
341000000
341100000
341800000
342600000
343200000
344300000
345300000
346000000
348800000
349200000
352200000
353000000
353600000
354400000
354600000
355800000
356900000
357200000
358600000
358700000
360300000
360600000
361500000
366200000
366800000
367100000
367700000
367700000
368900000
371800000
372400000
379600000
381100000
381500000
384200000
386100000
386800000
387000000
387900000
388400000
390600000
393100000
393700000
393900000
396700000
400100000
401400000
402000000
402400000
402800000
404100000
405000000
406100000
406400000
406900000
407600000
408700000
409300000
409900000
411000000
412400000
413500000
414200000
414300000
416000000
416100000
417100000
417600000
418400000
418500000
419200000
420700000
421400000
421700000
421900000
422100000
423300000
424400000
425900000
426700000
427400000
427500000
428500000
429200000
429700000
430400000
430900000
432400000
434000000
435200000
435300000
436600000
437000000
437600000
438100000
440900000
441800000
442500000
442700000
446100000
446500000
447400000
447800000
448400000
449200000
450700000
450900000
451000000
451100000
451200000
451500000
451900000
453000000
453100000
453200000
455600000
456600000
456700000
457700000
460100000
460100000
462000000
462000000
462300000
462700000
462700000
462800000
464900000
465300000
465800000
466500000
466700000
466800000
466900000
466900000
467400000
470200000
471900000
474100000
474700000
475600000
476300000
476900000
478800000
479600000
479600000
480400000
480500000
481500000
482800000
483900000
484600000
485400000
486500000
486700000
487400000
488900000
489100000
493500000
494300000
494300000
495000000
496000000
497300000
497800000
498100000
499800000
500300000
500800000
501700000
502400000
506300000
507600000
507800000
508500000
508700000
510100000
511000000
511900000
513800000
514900000
515600000
516000000
517000000
518900000
519000000
519900000
520700000
521100000
522700000
522900000
522900000
526700000
526800000
527300000
527400000
528200000
528400000
528800000
529000000
529900000
531300000
533400000
534000000
534300000
534800000
537200000
537200000
538200000
539800000
540500000
540700000
541000000
541200000
542600000
542800000
543200000
546000000
546900000
547400000
547600000
548200000
548600000
550100000
551700000
552500000
557800000
558000000
559100000
559200000
560300000
560700000
560900000
561500000
563100000
563900000
566600000
566700000
569400000
570400000
571300000
572800000
572900000
573000000
574000000
578000000
578400000
578900000
579200000
579400000
580100000
582900000
583300000
583300000
584100000
585600000
586500000
587300000
587400000
591200000
592400000
593000000
594100000
594100000
595000000
595300000
595600000
596000000
597200000
599600000
600500000
601600000
602000000
604100000
606600000
607200000
613200000
614900000
615100000
615800000
616400000
616800000
618600000
619300000
620300000
620600000
622500000
623800000
625500000
626300000
626500000
627400000
627700000
628400000
629100000
629200000
629900000
630400000
631200000
631600000
633800000
634200000
635400000
636700000
639400000
640500000
640800000
641800000
642300000
642700000
643300000
643400000
643900000
644600000
644700000
645500000
645700000
646700000
647100000
648200000
648700000
648900000
652400000
652600000
652800000
656000000
659900000
659900000
661800000
662600000
665100000
666500000
667200000
668000000
669000000
669300000
671500000
672000000
673300000
675400000
675800000
676300000
677800000
678700000
679100000
681200000
681300000
684000000
686100000
686600000
687000000
688000000
688700000
689900000
690400000
691200000
691600000
691900000
692900000
693700000
696500000
698700000
700700000
700800000
700900000
701300000
701500000
702200000
702600000
703700000
704700000
705400000
708800000
709100000
709400000
710600000
711000000
711500000
713000000
714400000
715200000
715700000
716700000
721600000
722800000
722800000
722900000
723900000
725200000
729200000
729200000
730000000
732400000
732600000
733100000
735600000
736400000
736900000
738800000
739600000
740800000
741100000
743800000
744600000
746400000
747100000
747900000
748100000
748100000
748200000
748300000
749000000
752400000
753700000
754100000
757500000
758600000
758700000
760000000
760000000
763400000
764000000
764500000
766900000
767300000
767700000
769000000
769600000
769700000
771200000
772800000
773500000
775400000
775500000
775700000
775700000
776100000
778400000
779400000
783400000
784100000
784300000
785500000
787600000
789600000
790800000
791700000
793800000
795200000
795300000
795900000
796000000
796800000
798000000
799800000
800000000
800200000
802300000
803000000
803400000
804500000
805200000
805600000
808500000
809500000
809600000
810200000
811500000
812000000
812000000
813300000
813800000
815300000
816900000
818200000
818900000
820800000
821100000
821600000
822000000
823500000
823500000
825200000
828900000
830000000
830200000
832400000
832900000
835300000
835600000
837800000
837900000
839300000
839600000
841400000
842300000
843200000
843400000
843600000
843700000
845200000
845900000
847000000
847900000
848000000
848000000
850100000
850300000
850800000
852400000
852500000
852500000
853400000
853800000
855300000
856300000
858100000
858500000
859400000
860100000
860400000
863500000
863700000
864300000
865500000
865600000
866000000
866300000
867100000
867200000
868700000
871700000
871900000
873000000
875900000
876700000
883900000
884600000
884700000
887500000
888700000
888900000
889000000
889300000
890400000
891400000
891700000
892800000
894800000
895300000
895800000
895900000
896400000
897200000
897400000
897700000
898600000
898800000
899300000
899700000
902000000
902100000
903100000
904100000
904800000
905400000
906500000
908500000
908500000
909000000
909200000
909300000
910100000
911300000
912100000
913300000
914000000
914600000
915700000
920800000
921100000
921500000
921800000
922400000
922600000
923500000
926600000
927000000
927100000
927900000
928100000
930600000
932600000
934900000
938100000
939600000
940100000
942800000
943100000
944900000
945200000
948100000
949000000
949000000
949200000
950100000
950100000
950200000
951200000
954100000
954800000
956200000
956200000
956500000
957300000
957500000
957700000
958200000
958600000
961200000
961600000
962900000
963600000
963600000
964500000
965600000
965800000
966700000
967800000
968600000
969800000
970100000
970700000
971300000
973100000
973600000
974700000
975400000
978400000
978900000
981800000
982100000
983100000
983300000
984400000
984600000
985400000
985800000
988500000
990500000
990700000
990800000
991300000
991800000
992500000
993900000
994500000
994600000
994700000
994800000
996200000
996500000
998900000
999400000