396500
2096500
5996500
6296500
7796500
7796500
9196500
10496500
11296500
11396500
11496500
11896500
11896502
11896503
11896507
12496500
12696500
14096500
14896500
15596500
17196500
18296500
18396500
18796500
18896500
19696500
19796500
22096500
25496500
25496500
26496500
27296500
27596500
28696500
29496500
30396500
31596500
33096500
33596500
33596500
33796500
35696500
37196500
37896500
37896500
39196500
40196500
41796500
42496500
43596500
45796500
48896500
50096500
50396500
52896500
53796500
53996500
54096500
55896500
55896500
56196500
57496500
57696500
58596500
59896500
59896500
59996500
60296500
62196500
65796500
66096500
67996500
69196500
70796500
70996500
71696500
72296500
72796500
73896500
75096500
76696500
77596500
78196500
79296500
79396500
79796500
81896500
82296500
83796500
84896500
85096500
85596500
85696500
87096500
88496500
88696500
90296500
92096500
94196500
95296500
95796500
96296500
97396500
98496500
98696500
99296500
99496500
101896500
103296500
104496500
104996500
105196500
105496500
107896500
112296500
112296500
112596500
113096500
113196500
113996500
114296500
115196500
116196500
117196500
119996500
120796500
122296500
122396500
122596500
123296500
123496500
123796500
126496500
126496500
128096500
128296500
128896500
129296500
129296500
131296500
133396500
135996500
136496500
137496500
140896500
141196500
141796500
142396500
142696500
144496500
144696500
146096500
146796500
148696500
149496500
149696500
149996500
152096500
153796500
155196500
155196500
155696500
156896500
156896500
157196500
157796500
158496500
159796500
162196500
162296500
162396500
164396500
166796500
167696500
168096500
169796500
170896500
171196500
171596500
172696500
172696500
173396500
173696500
174996500
175896500
175996500
177496500
178096500
180096500
180196500
181196500
182496500
183596500
184096500
185296500
185596500
186996500
187096500
189496500
192396500
193996500
194396500
194496500
195696500
197096500
197196500
198696500
198796500
199396500
200596500
201896500
203296500
204896500
206496500
206996500
207296500
208296500
210996500
212996500
215496500
215796500
216096500
217896500
218496500
219396500
220696500
222196500
223196500
223196500
224196500
225296500
226396500
229796500
233296500
233496500
233796500
235396500
235796500
236096500
236196500
236396500
236896500
238896500
238996500
239096500
239696500
241296500
242496500
243696500
244096500
244896500
245896500
247096500
247596500
248596500
248696500
249096500
250196500
250396500
251696500
254196500
254396500
254596500
254896500
256396500
260696500
261396500
262996500
263496500
266096500
266996500
267596500
268096500
268196500
269796500
270196500
271296500
271496500
271996500
272696500
272896500
272996500
274696500
274696500
278496500
278696500
283396500
284096500
284196500
284996500
285196500
285796500
286296500
288496500
292896500
292996500
293496500
295496500
296596500
299596500
299796500
300196500
302096500
302896500
304096500
304096500
304696500
305496500
305796500
306696500
307596500
308696500
310996500
311496500
312096500
312596500
312696500
314496500
314596500
315196500
318196500
318396500
318896500
319296500
319396500
319596500
321496500
322396500
324096500
324696500
325396500
327896500
327996500
328396500
331196500
332596500
333196500
333696500
334296500
334596500
335396500
335696500
335996500
336596500
337296500
338196500
339096500
340796500
340796500
340996500
341096500
341796500
342596500
343196500
344296500
345296500
345996500
348796500
349196500
352196500
352996500
353596500
354396500
354596500
355796500
356896500
357196500
358596500
358696500
360296500
360596500
361496500
366196500
366796500
367096500
367696500
367696500
368896500
371796500
372396500
379596500
381096500
381496500
384196500
386096500
386796500
386996500
387896500
388396500
390596500
393096500
393696500
393896500
396696500
400096500
401396500
401996500
402396500
402796500
404096500
404996500
406096500
406396500
406896500
407596500
408696500
409296500
409896500
410996500
412396500
413496500
414196500
414296500
415996500
416096500
417096500
417596500
418396500
418496500
419196500
420696500
421396500
421696500
421896500
422096500
423296500
424396500
425896500
426696500
427396500
427496500
428496500
429196500
429696500
430396500
430896500
432396500
433996500
435196500
435296500
436596500
436996500
437596500
438096500
440896500
441796500
442496500
442696500
446096500
446496500
447396500
447796500
448396500
449196500
450696500
450896500
450996500
451096500
451196500
451496500
451896500
452996500
453096500
453196500
455596500
456596500
456696500
457696500
460096500
460096500
461996500
461996500
462296500
462696500
462696500
462796500
464896500
465296500
465796500
466496500
466696500
466796500
466896500
466896500
467396500
470196500
471896500
474096500
474696500
475596500
476296500
476896500
478796500
479596500
479596500
480396500
480496500
481496500
482796500
483896500
484596500
485396500
486496500
486696500
487396500
488896500
489096500
493496500
494296500
494296500
494996500
495996500
497296500
497796500
498096500
499796500
500296500
500796500
501696500
502396500
506296500
507596500
507796500
508496500
508696500
510096500
510996500
511896500
513796500
514896500
515596500
515996500
516996500
518896500
518996500
519896500
520696500
521096500
522696500
522896500
522896500
526696500
526796500
527296500
527396500
528196500
528396500
528796500
528996500
529896500
531296500
533396500
533996500
534296500
534796500
537196500
537196500
538196500
539796500
540496500
540696500
540996500
541196500
542596500
542796500
543196500
545996500
546896500
547396500
547596500
548196500
548596500
550096500
551696500
552496500
557796500
557996500
559096500
559196500
560296500
560696500
560896500
561496500
563096500
563896500
566596500
566696500
569396500
570396500
571296500
572796500
572896500
572996500
573996500
577996500
578396500
578896500
579196500
579396500
580096500
582896500
583296500
583296500
584096500
585596500
586496500
587296500
587396500
591196500
592396500
592996500
594096500
594096500
594996500
595296500
595596500
595996500
597196500
599596500
600496500
601596500
601996500
604096500
606596500
607196500
613196500
614896500
615096500
615796500
616396500
616796500
618596500
619296500
620296500
620596500
622496500
623796500
625496500
626296500
626496500
627396500
627696500
628396500
629096500
629196500
629896500
630396500
631196500
631596500
633796500
634196500
635396500
636696500
639396500
640496500
640796500
641796500
642296500
642696500
643296500
643396500
643896500
644596500
644696500
645496500
645696500
646696500
647096500
648196500
648696500
648896500
652396500
652596500
652796500
655996500
659896500
659896500
661796500
662596500
665096500
666496500
667196500
667996500
668996500
669296500
671496500
671996500
673296500
675396500
675796500
676296500
677796500
678696500
679096500
681196500
681296500
683996500
686096500
686596500
686996500
687996500
688696500
689896500
690396500
691196500
691596500
691896500
692896500
693696500
696496500
698696500
700696500
700796500
700896500
701296500
701496500
702196500
702596500
703696500
704696500
705396500
708796500
709096500
709396500
710596500
710996500
711496500
712996500
714396500
715196500
715696500
716696500
721596500
722796500
722796500
722896500
723896500
725196500
729196500
729196500
729996500
732396500
732596500
733096500
735596500
736396500
736896500
738796500
739596500
740796500
741096500
743796500
744596500
746396500
747096500
747896500
748096500
748096500
748196500
748296500
748996500
752396500
753696500
754096500
757496500
758596500
758696500
759996500
759996500
763396500
763996500
764496500
766896500
767296500
767696500
768996500
769596500
769696500
771196500
772796500
773496500
775396500
775496500
775696500
775696500
776096500
778396500
779396500
783396500
784096500
784296500
785496500
787596500
789596500
790796500
791696500
793796500
795196500
795296500
795896500
795996500
796796500
797996500
799796500
799996500
800196500
802296500
802996500
803396500
804496500
805196500
805596500
808496500
809496500
809596500
810196500
811496500
811996500
811996500
813296500
813796500
815296500
816896500
818196500
818896500
820796500
821096500
821596500
821996500
823496500
823496500
825196500
828896500
829996500
830196500
832396500
832896500
835296500
835596500
837796500
837896500
839296500
839596500
841396500
842296500
843196500
843396500
843596500
843696500
845196500
845896500
846996500
847896500
847996500
847996500
850096500
850296500
850796500
852396500
852496500
852496500
853396500
853796500
855296500
856296500
858096500
858496500
859396500
860096500
860396500
863496500
863696500
864296500
865496500
865596500
865996500
866296500
867096500
867196500
868696500
871696500
871896500
872996500
875896500
876696500
883896500
884596500
884696500
887496500
888696500
888896500
888996500
889296500
890396500
891396500
891696500
892796500
894796500
895296500
895796500
895896500
896396500
897196500
897396500
897696500
898596500
898796500
899296500
899696500
901996500
902096500
903096500
904096500
904796500
905396500
906496500
908496500
908496500
908996500
909196500
909296500
910096500
911296500
912096500
913296500
913996500
914596500
915696500
920796500
921096500
921496500
921796500
922396500
922596500
923496500
926596500
926996500
927096500
927896500
928096500
930596500
932596500
934896500
938096500
939596500
940096500
942796500
943096500
944896500
945196500
948096500
948996500
948996500
949196500
950096500
950096500
950196500
951196500
954096500
954796500
956196500
956196500
956496500
957296500
957496500
957696500
958196500
958596500
961196500
961596500
962896500
963596500
963596500
964496500
965596500
965796500
966696500
967796500
968596500
969796500
970096500
970696500
971296500
973096500
973596500
974696500
975396500
978396500
978896500
981796500
982096500
983096500
983296500
984396500
984596500
985396500
985796500
988496500
990496500
990696500
990796500
991296500
991796500
992496500
993896500
994496500
994596500
994696500
994796500
996196500
996496500
998896500
999396500